1 1 1 1 1 1 1 1 1 1 2 2 2 2 2 2 2 2 2 2 3 3 3 3 3 3 3 3 3 3 4 4 4 4 4 4 4 4 4 4 5 5 5 5 5 5 5 5 5 5 6 6 6 6 6 6 6 6 6 6 7 7 7 7 7 7 7 7 7 7 8 8 8 8 8 8 8 8 8 8 9 9 9 9 9 9 9 9 9 9 10 10 10 10 10 10 10 10 10 10
664 4989 9524 2004 276 2481 8087 7825 4328 2768 629 4206 3393 9090 6786 8672 9361 5339 3681 8478 9100 5304 6453 109 5715 2468 6640 143 6043 3867 3275 9194 95 205 7431 7901 9442 1632 8440 4448 2977 9122 8411 5943 3725 4951 8452 8401 4162 9641 2216 5023 3784 9637 6576 8077 476 7937 6731 654 4902 2271 4849 8014 6248 1226 7123 4029 6884 1588 5995 6000 1862 1188 6495 9290 2191 8164 2030 6743 6276 7470 6382 2058 2641 9233 8813 3383 9848 1169 3149 5876 6506 3567 1778 617 6011 1352 9035 8350
5918 5956 9554 5124 1220 9391 3328 5026 4554 6624 9852 258 3635 1611 2858 9896 9169 2638 9961 581 8328 7513 2372 1570 3214 495 3031 9056 5969 7761 2310 1270 8959 6708 4775 8096 6322 2862 9449 6651 3035 6990 72 1334 3740 9463 8412 3422 1100 4335 7122 6007 1852 7978 4686 7153 9909 7113 125 955 5035 9611 9431 2043 4500 469 5815 6273 2476 6888 7484 6824 7157 1097 344 6685 9082 2436 324 9765 5707 8835 3746 236 1780 835 4103 5103 5945 353 6448 9244 7225 1163 5464 2997 3777 4379 2389 2465
8870 1358 1683 9793 2064 123 1289 8935 1658 6831 3059 6873 5203 7570 8739 7869 1171 2400 9555 6963 8357 3048 4300 9051 2234 6983 7204 5732 3458 8118 3976 8029 4149 3253 2445 9572 2802 2918 6649 7408 7515 3402 5726 86 6577 6074 2437 5434 3616 6784 4872 7731 2447 4773 1245 6041 1101 944 8449 7917 5915 2127 4834 2072 3076 9673 2732 758 9092 6579 8834 9136 3920 4423 9635 195 6203 9062 6196 8204 358 854 9010 2150 8479 400 1800 8144 817 7518 2349 5149 2661 4523 3378 2210 9515 387 7645 37
3711 2501 9278 3521 3116 4749 8771 1277 210 1681 6913 7902 5328 9627 813 4291 3467 114 4415 9043 4138 2662 9343 3870 9537 9409 5419 3145 8172 2197 2277 8832 1046 126 6445 825 8263 1580 9522 1438 6350 940 8858 7207 8711 3270 3006 6737 1416 2492 7266 6449 8665 8866 1636 8384 3075 6808 6260 5046 6790 9384 2342 7602 9513 6619 2979 9543 4532 5047 5187 9607 8689 1820 2690 1771 1739 9648 8113 5131 6321 895 6580 9778 9785 7958 1691 8288 7749 98 753 5179 9178 3894 608 1073 2098 2576 9745 4864
1018 8877 9292 2667 2824 7206 4041 6612 1879 9331 9686 3038 7848 656 1235 2223 2154 1945 6465 4677 329 1251 9301 4297 3748 6842 9597 1381 4229 445 4822 7736 494 7028 4871 9299 4718 7233 2558 5139 553 3857 723 8896 3531 616 2545 816 428 3800 2304 5846 7725 789 5454 9441 7345 6946 1894 9563 8797 9201 9997 7891 669 6571 3268 43 1209 1204 8867 4988 3687 7697 2569 4755 9322 6829 7997 8668 601 8944 5375 5001 2911 5626 9067 2028 3913 2897 7264 8546 4085 9279 3934 6340 7412 7701 4888 2358
9799 5380 3280 1682 2164 2964 4326 5457 1866 7125 6881 8498 5599 8912 9009 2819 7245 6692 3844 1744 3696 401 2677 2036 5914 9381 5756 7195 8223 5515 1007 1891 5618 3308 7549 1215 1493 3107 464 4416 7964 6724 9680 7844 5142 2427 9468 3570 2985 8664 752 3123 3173 1853 4317 7536 4944 2584 8006 8972 3441 5129 1873 3981 7610 6556 9930 1560 2190 2336 1694 8042 1279 3136 4626 1382 1633 339 3505 1875 3499 9929 4857 9150 8925 8435 7500 2846 240 8283 5 2957 171 3850 6327 9549 397 5435 8392 856
10000 4494 3462 1442 6827 7642 2125 2024 3825 9760 2471 6020 6319 867 5074 4515 8632 3599 6081 2945 7297 3425 5735 773 3649 5488 5112 3041 9175 9129 179 8740 4567 9861 1855 4288 4537 4557 6164 6297 5475 8721 2899 3581 135 7813 4462 562 3218 1480 5276 6139 8132 2480 6513 6261 3282 9315 8777 3424 9053 841 1773 1003 3062 8018 26 5238 2769 811 4966 9824 6149 8103 2041 6264 4261 156 8226 701 3179 2958 585 5612 7507 5466 8045 4142 5450 6560 5641 5010 3758 1648 3293 8884 1522 8799 7524 1989
4894 5180 4247 4915 4005 6660 8991 2889 9577 3119 2211 9616 9971 7446 7355 2057 1392 9423 3915 2003 4763 2289 1088 360 8783 635 9899 719 5781 8382 9458 5383 1918 3333 9498 3997 9558 8500 4693 7894 2339 6325 3667 679 2701 9538 3319 1763 3815 5705 2473 9496 9099 3434 3371 8229 4163 2326 6017 4421 637 5882 757 315 2196 3628 9440 8195 6700 6083 2533 7227 77 378 5013 2312 5557 9174 6181 4921 235 4303 9643 3052 2703 3362 5519 8997 1512 4273 5862 9432 9116 6373 8517 1304 5096 6100 1531 408
255 9398 2235 8676 8285 4119 1095 5540 2365 3389 6049 6613 9658 5085 5012 6301 2541 8207 6542 58 2575 2757 9726 4239 8407 9102 3332 8534 9922 3385 3000 2088 9962 9358 2151 5184 3368 7955 2548 9057 3352 8227 2269 2598 807 8293 7191 1447 8889 461 6777 2049 5154 9255 9131 2750 9693 6025 1252 3972 4997 2022 9773 2729 2023 9694 9604 3830 4624 4720 2559 5950 974 2214 1121 1021 9578 4146 4071 5610 7544 5831 4676 9003 3278 750 7583 855 488 2009 3596 2951 1574 5548 5820 9685 230 3917 5395 4010
9857 2483 9127 9865 2927 5896 7933 6910 9701 2281 4153 7681 2807 4702 1166 4542 519 7133 8545 7687 8685 6911 6402 6010 742 4632 7054 9370 2549 8433 3104 676 3118 2882 8746 9220 1635 5809 7144 1538 3450 8658 2464 4498 5860 2299 7668 7367 4679 7375 102 6644 2294 4936 2906 8420 851 3838 6712 2604 5227 7637 9019 558 486 4776 8876 6290 9228 672 3702 7462 6499 5048 988 2542 2386 3809 4073 4710 4398 6328 6305 3261 5211 4111 3002 8400 2364 6365 4752 160 6031 5269 1950 6435 2522 6922 5065 9219
3583 3964 2659 3798 3086 9968 9622 7769 6688 8470 649 5675 2786 756 3437 1040 1946 8660 3469 7400 8744 7192 2275 8909 2156 7908 2718 7543 8110 3863 7374 3496 5741 472 5517 9256 5970 5737 2393 3577 7695 7764 3880 3756 1495 1541 7407 2767 4495 10 4209 9308 6051 3768 6684 1248 9460 1798 1262 8246 1743 8861 8805 8213 8236 2426 7261 5802 3024 6491 384 2938 8606 6169 1718 4618 5044 3640 7172 6092 5310 9919 2108 7992 7425 4890 8742 4242 3514 5118 3792 5719 3889 1103 1748 3686 7303 5441 2772 1849
6631 7888 4316 3379 2913 3169 2623 724 2355 2988 4940 9713 1117 968 3865 6180 6794 1485 1400 7258 8218 2912 8738 8270 3287 7135 4587 934 6315 9949 7188 2733 4078 3492 4027 8915 5665 5954 8331 3036 561 3692 2066 1065 6778 5342 9826 3021 9012 6141 8051 9720 5022 4350 6186 1092 4372 2200 328 9147 1851 2731 1962 7669 184 8197 4594 183 1628 4342 1935 9623 2827 4275 7734 7658 862 1644 2865 3682 222 9368 823 3234 4898 6484 7616 8954 265 4735 5232 4276 1112 2406 5292 65 6234 8108 859 5603
8892 5140 2261 9470 8101 6285 215 3153 9707 8035 9590 7896 3239 9207 9691 162 6646 7041 2727 7636 1128 6387 1314 254 200 4714 4782 7235 8542 6791 7839 5691 8988 319 3367 2614 6987 2990 2825 8202 7019 247 4949 9493 8715 8843 9338 772 687 853 6460 595 952 3625 6050 8990 1561 5277 7911 8432 6846 5396 2631 5597 5889 3113 2388 4467 3460 7033 441 1747 4699 1785 7550 2332 2847 8995 4566 843 8159 3478 9661 8523 4034 8943 6717 7402 7914 1754 7611 6030 8063 3787 9274 2347 5929 9698 3862 1108
9050 6572 1586 74 4959 1966 7525 3256 5459 7604 9203 3014 1807 8106 881 6053 9239 6416 5960 822 4570 5171 3374 2696 8176 9629 7555 1593 3772 4023 906 982 3941 4706 9329 267 645 6138 9251 2239 2700 5636 3806 7800 9013 7690 1009 9601 2670 6331 2594 5214 7072 9805 7573 1829 2947 5728 3613 2350 3932 766 1955 9137 8024 3001 1893 9231 3080 7025 2158 5686 3306 1042 9269 8940 754 8984 4905 1814 4865 2633 7124 7107 8796 8497 5701 9117 5127 1860 5885 1997 3569 5141 2456 1765 8205 3440 5939 705
3470 9237 8941 613 8472 2885 2932 5160 5053 6404 295 5283 1089 166 2815 6029 3778 8519 523 9078 1917 7946 9995 6001 9027 7987 7797 436 5182 978 7939 442 1608 2652 6161 5448 2937 2107 6218 4505 6123 7422 2993 5799 1349 4321 4382 7119 3710 4408 5905 6906 7276 6395 1576 7867 9859 5428 8883 5708 6219 5028 5810 2635 8112 5842 2880 639 5200 3537 4151 2228 5460 1208 9818 1631 201 9586 7733 7088 9018 9410 4166 2247 718 5763 632 1211 4435 5549 8136 9875 4480 9210 1326 8198 5994 786 674 2182
5323 9418 542 2665 6951 7538 4769 289 4362 2119 7197 6584 7184 4529 4296 2818 9885 7296 5164 8945 1869 6272 8129 9576 5258 4838 7827 2948 5958 8180 6443 8518 7580 6798 4573 8917 9211 4456 7509 6500 4361 7103 2874 3064 9259 5437 4874 7236 3697 4130 7836 9387 5578 6241 1615 8826 5714 8620 1766 9568 8605 763 6233 485 7272 8160 3977 2898 5745 6925 1990 3771 6323 1922 4728 2922 7349 5604 2328 960 1066 6549 2418 9972 9086 6502 8314 1487 2417 3961 5108 671 1689 5909 479 9839 4958 304 6155 3494
924 9249 8868 1858 4738 3891 2851 3464 2555 7459 1838 1104 3554 6470 8987 7194 2001 5867 9277 7147 9123 692 9854 3926 1642 4469 984 7364 6930 3406 3320 4788 5693 2034 5835 3188 9499 3574 5907 5857 5587 2658 8152 2080 8769 6417 7899 3247 6287 6380 9998 3945 607 7160 6715 9741 6834 8235 6706 7458 7336 9106 1809 518 6082 7506 8907 3003 4399 6456 3361 764 5751 2610 7029 4507 6064 2396 2848 112 569 1454 99 3449 2163 2260 3264 9084 6330 4960 9504 1390 7659 4553 3643 3307 7842 4097 9756 8396
2683 203 4139 5598 3056 2180 6019 177 1415 9310 7104 8262 2553 5666 6039 9575 5595 9744 8886 2752 4895 6278 3963 9850 3375 4366 5243 7850 6277 4616 9303 1351 340 3597 5742 690 7300 9289 8284 3626 1912 373 3877 2287 6279 4110 8657 6284 3636 5533 6835 3132 5135 6525 9639 9058 5051 5113 5284 9704 1218 3677 2813 2893 4929 6254 6317 9206 5648 2983 7990 2514 7150 7855 9602 448 831 761 3955 7473 2973 9828 3381 6597 2362 2917 9715 3167 4241 568 1734 5930 7777 8502 5993 9528 1656 526 1508 9079
7039 8454 9071 444 5004 8794 3495 4253 8507 5912 8232 2113 2935 2493 7973 6988 8092 2547 9072 1056 3614 5092 3688 4965 1156 4224 3608 877 7607 6048 3455 2457 2458 3605 6517 1131 5169 2535 1837 9267 2518 6865 6607 5555 348 8558 7551 9976 898 6013 7381 1900 3353 3970 6133 6384 2562 3669 3849 3465 1076 8842 8905 4916 7352 5472 5030 3826 5062 1810 4210 8508 5605 2212 3026 7885 7428 8656 7791 9125 4397 2714 107 253 5500 430 3294 1329 1214 4659 3991 9266 5790 610 1825 12 2762 2640 7868 5838
7972 366 9402 4534 9101 3313 5880 5894 3175 8022 5306 9400 141 8075 2375 3074 6283 6195 3039 9486 1884 4256 6468 8844 447 2394 1308 3182 7849 708 3373 2999 9165 9038 2233 1292 5054 9600 5727 8249 4585 2850 5267 930 5244 1224 2625 8516 2760 40 1783 5247 7565 7808 6812 2153 4409 7802 3508 9017 7597 693 776 9389 90 4518 983 4375 331 6567 2673 3618 7569 1897 8851 6105 5830 6464 9934 8128 7444 6652 7726 6986 8317 2475 297 3081 2409 8513 5607 9813 7906 5330 4781 3883 2126 5444 6320 2380
1667 5032 663 2452 9375 717 9974 5388 3550 7774 1572 2096 2646 1672 3630 1098 5788 5398 2773 9039 3859 8062 7630 6430 3689 1757 9838 8447 257 2494 406 3720 3254 7414 7286 2152 8948 5218 2660 2408 9226 5734 938 5844 7452 7376 9569 2218 9964 3392 9659 559 9204 646 6942 4522 5786 7250 7977 4404 3046 4745 2842 1200 7763 4715 7333 5015 1380 3652 7211 3262 9790 1994 8277 6274 4525 6094 3954 1000 4878 6193 5670 1876 1927 8260 9298 5072 7357 6361 5206 420 438 7065 7949 4170 4000 6229 1249 1081
9155 2047 6599 3721 4539 3763 3776 6820 8544 6450 1167 9060 2931 2550 4694 7445 9710 7057 4262 4324 1880 8760 8145 278 5522 4901 4026 6905 2032 1420 1291 640 5647 3887 8395 2084 1422 2692 1958 8847 2029 6307 6902 4829 8456 6112 1967 3365 5976 1745 5059 4805 5872 4200 5759 4136 1846 3882 7907 1408 8406 3219 6015 4637 5220 5357 4186 1777 9605 4025 4614 221 6586 6916 9982 8757 2636 3445 6982 1321 4628 6056 7739 918 354 6364 6292 3966 7247 8869 8133 865 513 6366 2272 580 517 7180 7772 2704
7308 4671 9124 7916 7512 8376 7487 2000 5009 7684 4007 8891 2763 5468 1650 7877 3106 2655 9097 7312 345 4049 1907 1303 2017 8690 4076 2719 8194 6308 4588 9706 2940 3576 9625 9752 2540 3360 8967 7806 4143 5776 9916 1440 563 4804 1995 7623 618 60 8853 3246 5210 2469 9533 4956 5544 6693 131 5645 3603 6759 5567 9970 5425 9347 5620 9397 1373 5617 1333 1758 9614 9630 9774 2883 9855 5272 7465 2527 4541 7173 62 5699 642 2360 5588 154 1811 8163 259 612 3627 5385 1839 4891 4974 8582 7260 85
8102 8652 4161 6104 6310 712 3539 4742 4363 622 8790 94 6174 3078 4289 5391 5542 6478 1389 7249 809 5090 3057 9546 993 900 1284 4017 4044 4488 8154 4703 6797 1666 1164 2414 3526 7343 2755 1079 3297 4036 9777 2748 4786 3876 2895 4378 5122 1562 1150 8566 272 6623 6090 9212 1505 1759 8109 8071 578 7219 9544 283 1596 6006 9156 5568 6348 1312 498 9451 4853 1926 6299 3529 9783 8548 7629 3289 7450 9849 3653 7369 9541 7854 9831 1953 7061 4181 3775 6309 965 307 6920 2622 5196 8265 6969 5852
6975 3228 2337 1413 3181 1367 3089 1701 9047 6696 504 6482 4088 5703 6227 3162 6538 7421 3659 1448 917 5213 5406 7209 4314 3848 896 7712 2395 9324 4990 9312 6680 6728 9176 9112 8741 8121 995 5209 7087 6231 9815 4219 6565 4265 584 8726 5453 7347 4356 2605 6997 7022 15 4183 9671 3786 9187 8015 8442 7238 6109 1991 9647 630 8468 6120 590 7662 5234 4572 343 782 949 443 145 7884 5483 2873 4536 3959 1610 1187 8297 1627 2953 7100 6809 3568 7718 9181 5508 9087 7703 6259 6909 8484 5173 5194
8139 733 7965 3018 6027 4552 4310 2384 6418 1048 9429 390 3258 1300 8010 9801 536 936 4266 3448 4595 5596 627 5573 2189 3318 1387 3773 3504 711 8804 3604 7316 1232 3555 1548 7293 6247 860 8386 7448 8647 2301 1013 413 7399 1120 1134 8836 3752 8183 7784 6357 6604 2892 8849 2244 6561 5128 4584 7166 4695 8996 3466 1295 802 1287 1539 5079 2634 9138 2085 3923 286 1547 2123 4701 9469 4932 6727 7928 8865 5019 1601 4451 5368 844 6397 6606 8756 4650 6510 7045 3485 415 1840 2866 6879 579 8714
9953 5393 7985 5285 5785 5750 6528 1948 7291 1035 7348 9323 7698 1414 9709 2828 2224 3122 686 8615 4157 5125 8069 3523 6140 3386 8961 1920 3456 734 9966 962 2963 9326 3238 2348 8565 4607 6122 7475 8427 3010 4343 2734 6332 6413 9620 4305 2875 1253 2933 1919 7581 8903 8743 8918 1151 4160 239 5076 3797 5418 4930 2020 8358 4491 5224 234 4184 1646 7598 3791 8261 623 4648 9650 3329 3888 3906 3233 5933 9190 1223 1874 3394 5295 3762 549 9225 7469 9670 1424 1023 8936 1439 1135 3713 8727 3527 5236
7309 5904 8073 9436 5772 8572 958 3843 7384 1177 1391 2008 6085 5088 1388 6817 1340 9364 492 5077 7817 5898 9031 6385 5873 3288 7876 4825 5739 4263 6893 1716 7715 7951 9356 543 3077 7478 2934 1723 5564 2039 648 1951 3820 4683 2019 8476 1172 3761 4924 5537 2007 9111 5556 7471 8043 9877 2791 8989 3992 961 2112 3073 1006 7840 186 2780 8537 6461 2564 2504 3536 1878 3754 1511 7926 8887 3718 1298 7648 6891 6119 3236 4347 9511 5063 3587 3190 684 7253 1796 5774 1455 6252 4424 6802 8702 3742 7799
4122 3206 913 1093 6055 4726 6286 1260 4803 6146 9814 3102 3937 4947 8142 9055 9742 4608 5826 8364 6899 5424 6221 5205 8686 4643 1267 9394 1984 2693 6159 1085 7778 7373 2077 834 2002 2924 6828 9708 919 7591 1607 8538 570 7807 9987 2284 5068 8168 7382 1109 8645 1344 2293 4352 9984 1057 9334 905 7959 3842 6033 1234 6932 6845 6363 7038 2398 2796 1001 3334 5934 5796 3935 1618 4457 5161 4981 7998 9000 1294 9807 2133 3675 6895 5202 2315 9879 8266 500 1848 2429 2037 1039 1280 9556 9689 4203 508
4481 5364 3609 2859 4251 7390 8081 5261 7804 8041 9727 6144 3183 5101 5186 5523 5082 4575 9996 4520 7652 8389 4530 7112 8178 1665 6422 1676 5325 5805 2955 4197 846 6504 5043 2121 7822 699 3895 326 1049 3751 9699 1813 4204 9674 151 4724 2361 459 101 6409 2900 6372 2106 2306 3879 2560 2627 2808 5288 8307 5417 6863 9430 4264 1137 8300 6225 8859 9069 5106 8955 3968 422 2166 5765 9184 2446 1110 2971 8609 8489 9529 5403 1943 6594 1861 2952 8930 5355 7270 3129 3130 28 5730 399 7393 1457 4434
347 6629 3944 4319 5687 5259 8773 2782 2916 7231 2421 2650 9149 9553 3207 5064 864 1680 2242 51 2726 9002 9536 7409 9445 9722 8421 1819 7700 3159 9325 7559 8863 113 2390 7353 9516 5923 5709 2980 3344 1616 9788 3305 5487 7372 9232 8691 1383 931 7030 871 1828 948 829 3341 1470 4125 244 9162 9404 104 6841 514 7257 5955 3511 2005 1446 2371 6110 6501 7529 6966 6187 2366 69 7052 1711 3094 2321 7773 899 1923 2684 2248 5358 2783 6750 8578 8070 6189 9817 6521 736 8130 1594 4953 4274 8762
9823 9562 5937 775 6803 9241 7063 9068 6575 6900 4756 8829 7984 894 3479 8604 6957 3985 7495 1832 842 7379 1055 505 8815 3055 8009 3011 2369 9768 1556 9444 9754 2543 7976 7864 2812 8185 850 2713 1699 7494 8078 6370 1034 7468 4396 8467 8171 3662 8751 6569 5667 483 8385 2399 996 1129 8535 22 1883 8206 3324 6080 7775 5755 8787 9208 1402 4700 2250 3049 9952 7723 1717 4883 4298 9915 9260 5002 128 573 6655 1944 6172 5300 6346 2086 7380 2603 735 4152 1890 8934 4668 9074 3634 866 5341 6349
678 1970 4571 5332 4600 1768 1265 6398 1364 1662 288 8055 9061 6960 5682 4513 5080 4876 5087 1361 129 1913 6002 1803 91 3845 412 8318 3542 4922 2617 9198 7838 2821 7310 5502 6527 1986 9395 9999 7941 5290 2051 1659 6239 3417 9026 5452 8302 972 2675 2523 6069 8463 8713 5680 6847 7728 1602 5318 7027 8946 1293 9725 2097 2117 903 2356 5572 9564 1219 4032 8405 1684 3243 202 8072 8496 2168 5361 4509 3155 2040 8938 7306 3868 5832 8177 7493 6853 6121 1489 4135 2485 670 5476 5722 6690 216 9738
2140 4993 1549 8920 832 4884 3266 2087 4620 4081 6014 7874 9700 2968 9192 2078 9491 3260 7371 9350 9837 2905 1014 8942 4038 8524 1246 7059 3433 4141 5326 6697 2790 4950 9030 2954 2423 1756 5274 2479 8054 3198 6585 5962 1272 1526 2116 3164 2262 929 8264 1315 7067 4031 1510 8779 3911 4371 392 9860 6533 8800 7548 9746 6487 6407 540 3252 5438 6643 8831 3765 1726 1532 9421 4934 7148 565 3037 4976 4939 3840 6856 534 1058 170 405 7140 6896 4672 2823 8793 6427 7205 8684 5787 4995 4096 8281 9939
7738 7516 8533 6016 2787 4474 6532 4401 7779 8341 3722 7866 3982 3927 5913 3750 1026 3533 4963 7457 2353 9703 7880 5016 9958 9679 2305 5509 5639 7181 7483 4432 9644 9139 9287 7342 335 9425 7557 6953 591 2525 6489 7437 6751 9887 8750 4249 7706 7760 2374 8211 8067 330 9014 4603 3295 6877 1544 9665 6480 805 2528 6955 6107 4978 3738 5793 4278 5045 4211 7443 4721 9822 1374 7389 8731 7050 2027 3912 6038 9008 3457 9926 2863 999 8964 7285 5219 4508 8153 1460 3799 8977 1733 1409 3621 306 8579 4617
4128 1977 4764 1481 7397 7862 8574 991 9666 1760 9535 6614 3194 5627 1313 7785 3878 310 5630 8527 3020 9653 1186 3817 1775 7009 3388 4903 61 5257 3083 2278 4240 5702 7904 2220 1630 2570 2081 4954 7302 7526 3311 3338 4214 3632 8597 1509 8157 178 9466 4282 3176 3524 4374 4684 3588 8250 1467 2509 3250 7532 1258 647 1751 6976 1216 4673 9379 9168 2385 3283 3126 9293 7788 9985 3240 8156 551 5145 9657 7585 4789 738 2035 1622 4559 7351 3427 7989 4134 2531 8770 7753 7754 8254 8064 2674 4334 7169
4315 801 9933 5521 9388 1555 1626 1802 4543 7106 1551 410 137 9534 9588 2038 939 2681 5463 6968 1198 1720 4937 9098 1306 1781 7005 7547 8612 5863 9960 7410 262 4670 4848 6857 8700 1528 6984 7631 1898 271 4205 3431 6985 5783 9485 8634 1061 6238 2978 3387 3793 5289 2367 9787 7279 3187 1484 6438 1118 2376 7275 5000 9943 8131 181 5038 650 2590 2148 8827 4223 8857 7923 3661 4855 5679 3670 4012 1794 849 7411 5359 1774 625 5014 9335 7137 7126 7666 6635 5249 5365 2413 7042 1833 2402 460 6508
8187 8747 4383 840 7055 3299 4369 5868 3832 8363 7047 6943 799 5616 3397 5910 5329 2626 3551 2764 5315 4222 9242 714 9856 5528 1012 3042 3999 7521 3684 3220 4729 8775 6836 4235 4658 3472 8373 2404 6568 4180 4977 264 3286 6405 4058 6428 1815 1062 3729 6926 4485 5195 6360 5690 8402 3644 2251 4287 7600 9096 2279 9669 3483 8584 5963 5221 1592 8588 5615 1961 5506 8415 3846 6167 8724 3759 3909 8953 7006 3413 8576 3410 7889 6695 5251 2730 3016 3137 2820 2722 4284 7163 7981 1504 5455 6481 9393 8693
437 1468 9642 5181 3651 1700 6153 3770 5951 8002 7117 7489 6072 8339 3357 3296 4212 694 2420 5683 3363 2232 462 7394 5351 5273 7239 9332 8882 3426 5348 7613 2383 7328 3210 4846 8348 1342 3451 2089 2507 7146 1854 689 6509 1664 550 6918 6771 525 450 4826 2243 9895 3051 6949 4850 1268 4460 7895 5150 4121 1450 7826 592 6807 2878 6096 383 582 1692 970 5536 2280 6931 9337 8237 4244 9977 5803 2014 2295 4080 7251 4068 6190 1407 9172 1365 6431 9517 1859 3222 4145 879 4040 6246 8292 3251 8674
4187 5414 916 8192 8173 8678 4077 588 1175 7993 6781 2499 8244 2160 2276 5430 7485 1579 2716 9023 2613 7073 4926 7567 8175 3984 1675 280 5372 7340 3743 4824 2852 3839 5436 5550 8661 5646 3141 2744 7385 9130 778 7076 1947 5263 1623 5176 8761 6843 1105 5382 8417 7156 1362 8841 7329 3781 7767 9767 6548 928 5761 7501 208 6583 4823 2093 4912 5789 4633 2136 3489 619 9764 4301 4501 2832 3109 4565 4746 9428 3202 6474 8560 6765 7490 9369 2944 2910 4952 269 2025 6851 9596 2816 9497 2740 2595 9652
9426 3263 5871 1180 956 5144 3701 6864 1205 2226 9870 277 5881 9751 1824 475 9001 7387 6426 2975 9291 6457 5320 3901 9280 1653 3446 7215 8424 3030 3691 8149 6063 6224 2302 7873 8174 5501 150 3899 507 7189 2996 6213 20 9422 7533 2679 722 5240 8999 6645 520 2188 1146 7801 3235 6410 4267 5569 9853 5614 614 1273 893 9619 1770 1033 6459 8952 897 2809 7418 4476 4955 6079 57 8985 6958 7451 9851 3409 7750 6103 1064 5174 8416 7766 6661 1908 1302 8430 2811 3204 5589 9833 6639 3922 2329 6681
385 6876 3330 7677 1122 2743 8499 5057 9988 7859 1993 5163 5811 308 7187 7909 4867 4733 2229 2099 3578 2497 1767 4320 4070 7077 3591 1930 6999 68 5123 2434 4075 5554 2864 7522 6919 7633 8039 4837 1154 8335 3121 2453 7886 1074 3714 8980 9942 9897 1145 7710 3317 6222 9360 6664 8390 9317 3789 8982 4250 3564 2907 6117 3666 3622 6232 6823 4002 6223 9795 1956 7313 1928 1488 9830 5360 8256 5652 8474 6262 8860 6354 5953 2981 9908 3114 7644 4798 2928 821 1474 207 1384 5350 5143 7143 8272 1490 6782
1507 7606 2338 1036 1740 1606 9617 3960 1111 7853 9066 6414 5593 3506 7782 2914 4175 7639 9991 9696 8898 6558 3654 3486 5778 509 9646 3212 5474 7085 4099 1500 7097 5901 4772 5275 8212 3249 2167 359 7341 5565 2756 5151 3547 2656 7416 9518 2949 2498 4393 4221 9376 2844 299 7141 2323 2319 8025 8439 6318 1647 2015 6490 7744 3665 8324 8569 4377 6065 7358 977 2403 6941 6761 5390 4245 4734 6281 4697 9380 3592 1240 3054 4422 7263 9540 1749 9810 9636 2628 5916 4104 7745 3090 1567 2477 770 2691 242
411 887 659 83 5153 5041 7114 3575 9697 5120 9779 7265 7472 8976 2745 2455 5740 8181 1614 6961 4376 9182 8528 6621 532 8451 6658 2101 2322 6667 837 1378 8004 1677 219 8234 231 8755 2330 5998 3346 1843 3322 4455 5770 7134 1761 2018 9230 6454 9740 6442 5426 741 1786 8992 3257 8200 5116 6872 4133 2784 7246 9059 5782 1999 455 2616 7995 7439 402 5413 425 7115 4938 5861 5175 7208 6665 7031 1243 2370 1762 6170 2620 9552 3905 8539 762 9979 9029 6408 9626 8577 7020 7890 1872 8845 566 3620
6752 5265 2115 2291 7887 8258 4869 9487 5282 4967 4039 8733 2300 8040 1236 6243 1515 8253 6076 7094 9938 2183 3694 5207 2800 5545 6455 2890 5814 7131 337 6903 4927 3566 3196 8140 9739 1830 5293 987 5126 9288 9171 8855 5431 6452 1896 9145 9924 8878 8455 5672 93 7912 5731 9687 9399 6381 7435 5696 3008 9313 2725 5409 9021 707 7596 1375 4277 8673 9761 4982 1931 4436 9874 8551 1693 3779 878 909 8916 9037 5494 6801 5296 9780 3502 2053 3168 7971 555 3518 1067 9045 3201 5656 4814 4020 7796 6088
2270 9235 9297 7903 8438 2736 8296 2491 9120 2438 5551 409 4597 1428 4351 1750 1864 1435 8220 6021 4790 1533 4171 1469 5773 621 8753 6937 1419 1545 2972 8107 5562 2648 6973 481 8825 8387 7675 9011 463 8616 6559 9462 9816 7851 8710 9094 726 3405 9446 5959 2602 5099 70 1871 1257 3813 5990 3921 9832 5007 7663 4611 8359 810 6522 6173 7404 320 2207 1017 502 2155 6536 6721 7986 8461 2995 7741 5792 9121 8137 7174 8441 9612 2581 9758 4602 6237 9530 5066 4208 3896 8703 4687 6887 8208 5877 3139
5947 7820 8699 8032 7932 8610 5162 6433 2114 9570 6859 4444 1393 7970 1070 1520 4207 2021 5717 5590 7121 2256 232 6137 9349 4821 5581 537 6022 5178 7324 84 7603 922 8613 9405 9749 6524 3647 3438 6762 4815 4744 7925 8885 9969 6615 6608 5371 5307 5512 2642 7792 3111 9300 4661 8021 9403 7288 6740 5769 8053 6754 7568 3623 8811 3873 1952 5936 5659 8659 545 6633 5166 8460 9770 652 4338 9427 5037 3563 8388 3213 3724 4816 7828 1213 3805 367 3200 4178 2771 8320 2052 4466 5839 8812 8443 3965 3593
633 945 1196 9076 7503 8480 5377 2314 2630 7096 5816 5312 6185 8629 6780 5858 5829 1998 7882 7679 2687 4164 6944 6003 839 7415 8554 6885 4109 8735 8374 1960 6204 9753 6663 4155 7646 6793 6994 1031 1916 6977 2500 8627 1494 9327 5055 375 795 4992 3727 5718 6773 6861 3300 2079 4741 3178 5183 8475 9459 89 9077 5643 2265 6653 876 334 2391 2104 6257 4137 7244 9898 6603 5190 8459 147 1621 3500 6637 7377 9702 804 1281 583 6058 4065 133 7335 6386 3794 3641 341 1350 7502 1372 6355 1793 5367
3774 1427 3310 8351 1973 2055 8482 2582 7218 1731 1197 5784 5117 9772 182 688 9901 5677 4535 5694 2071 9438 8252 2651 5920 6659 1566 8313 4325 9197 9415 1827 560 9209 9151 5531 8466 1472 6602 7832 5241 6933 820 9448 4885 9621 3538 8505 3929 1399 249 449 3027 1221 4928 1263 6875 2884 7765 8786 491 8290 4258 8222 7229 1737 8419 4281 4945 377 5225 2173 2267 9022 4919 986 2462 374 2178 7857 5530 3105 5089 4478 9932 4359 6716 1732 8926 2653 5817 1385 7082 4560 3493 624 2903 3108 2644 9983
56 2805 3473 9483 5635 8947 2268 7222 434 3695 6648 3893 1433 9866 2923 2561 323 9891 4662 6316 432 8619 5083 8471 4358 9531 9606 7574 3674 5848 311 6838 5018 3428 700 9858 8151 9318 9587 1 29 3907 3274 5439 8899 7641 5233 1125 5957 2530 1932 8115 675 9467 1974 9500 7480 4113 2746 7325 3439 9782 932 2219 8315 314 4470 6570 5384 3053 9044 1708 6821 1217 7159 9841 7479 2177 979 1949 7702 6650 1823 4711 158 3404 2341 7070 161 3174 7974 9662 8469 3936 206 8784 5865 97 4909 3556
9484 6351 5199 9667 7552 8791 7242 3033 5529 3369 6901 7582 4158 7693 6389 8880 6399 8333 3391 4979 5777 1463 533 7305 4645 6023 3957 7476 8005 9036 6952 598 2013 9284 4322 1022 7363 363 1410 300 4705 3350 576 4739 1563 6691 544 8881 8001 1338 8458 3780 8371 8862 1624 2839 4731 2515 4144 4568 9214 8768 8346 8033 6411 9845 5281 697 5689 5034 2317 6046 557 8409 8515 1808 2045 5170 4341 6115 7619 1024 3874 8532 261 2867 8624 4577 3497 634 9880 3208 3730 2254 2781 7667 4946 1657 6989 5908
3217 4177 4771 2552 2566 1792 4656 5968 5634 7176 7918 3302 468 2213 9631 2962 3532 2891 9352 7497 9954 4227 1255 3498 933 2776 1259 8148 6878 7299 3971 9664 8872 9355 9163 1776 4391 812 5152 5897 9663 8167 641 403 2643 3342 2484 5049 4736 1425 8993 2664 5119 9886 429 4306 7752 3442 6483 2654 6642 4843 7226 7368 4521 5040 9945 3987 9275 884 9453 7709 4482 2720 6526 1250 3157 1498 2982 5411 2556 904 5674 8191 1620 7066 2871 9695 9902 5443 9243 1030 2930 5507 7678 6275 2240 9316 8398 7747
4551 8086 3284 6379 5878 9118 9034 5114 8079 3749 7915 1158 1895 907 71 5850 3480 5471 833 8904 589 3892 1988 209 8618 6378 7319 4345 9434 5433 5446 7966 5317 5999 6217 8921 1713 6263 5594 7419 9374 5420 3269 8819 7576 1605 9594 6726 5808 8571 7177 9005 6956 1483 740 5676 7841 3093 4195 5056 6758 2416 8097 4765 2227 6440 571 2915 227 1043 6537 1173 7883 7810 4230 1102 3082 8242 9340 5940 3801 7746 103 19 2779 5919 1473 819 9114 1354 6593 4830 4217 797 8309 4592 7872 191 7935 5097
1845 1906 7492 1583 3903 7165 6683 4582 6045 2424 5855 5843 7386 6785 3177 800 9183 1432 4984 1822 8956 8367 8353 4497 2608 4980 1542 3715 9907 5245 4055 4313 4596 2128 1924 4330 5532 5736 5713 3810 2712 3515 4629 3 5461 4228 7527 7477 2118 7707 9271 683 4621 9510 4674 6974 7929 2046 5883 7037 1147 6912 1264 4666 1222 8311 1479 9769 9330 7413 4429 6206 912 9579 5673 8271 5579 9065 355 8047 9542 8257 9819 6353 6862 2430 6251 3454 7751 4083 5504 2454 5662 2410 4972 7649 911 8280 6638 7254
4364 8589 3875 8694 1456 1199 814 4774 1436 8979 3100 6921 4280 5311 484 4917 5286 3617 38 9846 3326 6131 8749 2442 2415 120 6054 7865 5977 6311 1029 8366 7504 303 2520 1274 470 8910 2308 9973 1396 2596 605 7044 4688 1584 5478 5723 6208 1123 8224 4233 8049 5387 1799 3866 3058 4761 336 1335 8531 1600 6776 5381 9443 6488 5204 1857 1752 30 8640 1982 2110 223 9450 9424 7069 5637 8184 309 9651 9948 6869 1038 721 3488 3088 9354 2401 4413 8622 1836 2010 7240 394 3658 21 3096 6541 8216
9490 8238 115 229 8759 3186 6729 3248 1904 290 4091 2103 5354 6391 2607 8305 5198 777 352 9328 8165 8924 7980 7545 1239 9105 4942 8046 9196 7 7043 9610 2206 5370 6142 1449 3312 477 7001 5264 4452 1184 5609 8099 7099 7805 3510 1041 6852 8377 2984 6734 3835 2896 6084 5121 8782 5924 2709 1047 6061 5669 293 7213 4887 2443 4407 2175 169 9501 3757 2432 197 8342 1703 5132 3166 3400 861 2741 4510 9140 130 7829 8808 2422 2451 3265 75 8754 3685 9250 8637 7441 1301 6934 5148 9561 7130 4107
3476 8814 1591 8635 3716 4105 362 3828 3948 8299 6534 1142 284 36 2368 586 8306 7365 3050 2419 744 6641 4426 3785 1910 8709 248 8393 3660 8846 8729 6819 9263 5511 7605 4220 668 2474 6235 8914 768 8464 5819 7337 9482 9672 325 552 6114 5775 80 8037 3044 3032 1106 5988 5513 4042 2710 8594 140 4387 1969 1193 9134 63 6993 3071 1569 4487 8928 225 7392 180 6176 7295 5033 2989 7692 7420 2723 3993 3309 5260 6679 2965 8730 388 6747 5791 9730 4188 7274 108 5316 9509 4060 1476 2146 7643
4283 4851 2486 9273 3732 6523 5900 9377 8038 3650 3988 4860 214 4604 6673 522 3172 1051 3229 3491 2249 6160 7000 8650 9683 9085 4678 908 5115 8138 5422 1804 8763 6668 9729 6371 6095 6826 9135 8643 2431 1181 7327 7798 8239 7528 7673 2697 79 2135 3101 8345 8529 2950 7383 6334 8034 5625 127 527 3619 2444 8563 9867 4751 8879 6390 5191 9951 1368 8557 211 743 2169 2263 9164 5067 9560 7720 2536 1426 6992 1203 7488 9295 8758 7599 4318 134 7223 7149 3516 3444 5226 7589 9265 9649 5841 8600 785
4828 9205 3339 1529 1443 5279 1886 7983 2538 7811 2967 3390 7620 9912 3951 5623 7453 4540 2340 1471 727 8279 1357 8530 8564 9472 4708 5146 3351 8344 5308 4622 8540 3019 7657 9871 981 389 5405 2840 8247 4561 45 2992 826 6858 6271 8408 4806 2902 2657 5624 3969 9435 4148 4169 9583 9247 8856 8667 9314 4271 611 8850 1086 2357 8274 4381 7991 47 4066 453 7179 1348 3095 1821 4841 6295 6335 3403 9809 8074 5432 7845 338 275 6564 2941 1355 1617 4975 4612 263 1139 7391 6674 7809 8974 423 370
4820 7423 7609 5322 298 5764 9804 1638 7455 333 3098 6601 4173 9574 3802 2122 577 7427 1466 2998 891 1939 7661 4918 7520 2565 5172 4868 3739 5827 3881 4578 8210 5927 6768 5480 3847 4420 3315 7586 8146 2309 6581 7401 318 6630 4802 4357 6598 942 9157 1704 396 6037 2138 5197 3420 6662 6924 9495 7202 3973 3482 1202 6075 1159 2702 9763 8282 8732 594 4889 9473 4528 4402 4286 7466 1238 4406 3541 7988 3419 3013 7541 8550 5491 6419 8666 6605 8275 7440 1328 3520 7366 2758 3231 4685 9921 2512 8278
651 1037 7943 2435 6551 8922 1597 4797 4337 8380 8322 8897 1332 6962 218 3766 4727 8360 7018 6914 7200 5771 5903 8450 4442 8638 9523 32 963 9456 9806 9 3818 3135 8060 7705 3325 2747 3579 4556 716 2343 4056 6268 8820 2313 8937 7361 4558 5622 7332 2286 1366 8492 7961 7694 4486 6086 7519 6897 8549 8580 4994 9829 5678 7120 9923 7819 2904 8728 7795 1107 3147 9618 2724 7793 7553 593 8963 1182 2149 7434 667 4295 7561 4913 6475 2579 5743 1195 769 2433 5477 4580 8671 35 1336 8501 8308 9869
759 1598 2788 5331 7109 4059 3673 3615 4115 4801 3347 322 9222 5338 7398 2238 4179 8126 7127 5845 8722 4642 4647 9254 4511 698 6725 5246 8526 6833 4512 7221 4517 1004 9282 702 7268 4004 1725 8190 2597 2568 7008 5109 1201 302 7228 5036 2587 3273 9581 2822 7051 3528 6868 8453 2506 4649 2806 7255 8332 4238 4811 3421 8593 4150 3940 2171 7136 9234 2208 6719 5271 2921 8521 5847 7787 3946 2976 4443 6026 2129 5157 4709 7635 8626 9020 4293 1976 4747 1339 1346 4417 6008 8680 2060 1379 787 3535 808
3060 6469 975 873 5866 8483 4370 6132 1356 5833 7190 2563 3731 7395 8422 376 8304 5591 3171 1206 7210 371 9223 7092 3553 59 81 1934 4586 6209 7315 9382 6709 4598 6127 3723 4490 8143 7924 1165 8520 9276 4168 4780 9883 703 7625 9734 6253 3079 9539 673 8931 3606 575 1641 528 8111 7230 1322 7417 1954 1668 7007 8150 3824 8998 9571 3195 9052 4579 9258 9488 5442 783 818 4906 8895 4589 1527 7944 3034 5621 7438 3084 342 7975 1174 3522 8061 6 6626 7962 3764 5879 7034 9351 5027 9095 4449
7278 2478 3717 6628 997 7846 9882 9980 4548 7676 3996 926 9632 5510 7436 3855 7111 6739 9180 1417 155 4879 5254 1972 7634 1423 8807 4309 6745 4502 2577 8379 4748 660 9910 6622 1654 2459 9692 8215 9525 4882 9847 5394 1940 2042 4689 9091 3683 3065 1942 6711 2296 457 1921 9645 9927 7897 790 3637 943 3127 5235 6588 7540 2201 6787 6540 3571 677 7539 4294 7814 4024 5558 8012 8031 6947 9589 2537 5613 5891 1044 5319 5042 2252 6184 4246 5017 2637 6244 6738 2804 87 515 8340 3928 8135 6255 7320
7116 2966 7248 8734 9917 7283 6736 2939 6543 794 9527 4743 2172 5716 9918 2282 9252 6097 6168 8512 4079 2467 5753 6656 2170 7655 8214 6343 4461 2298 82 8874 4590 6375 4818 467 8008 4013 2143 921 5813 1464 2231 1068 6329 5797 1011 4760 8155 5986 5780 2799 8785 6236 7691 7953 2843 3822 4185 3276 3994 1083 226 5849 4914 1462 3655 1087 7026 7727 4812 8134 1316 9548 8347 6377 8602 7575 6742 7931 7594 8020 5575 7091 2956 499 7015 9025 7714 5539 5651 1028 4259 9559 8621 1010 3298 3224 493 1429
8094 9585 2778 2466 5600 8687 6486 3331 9677 8788 8636 6383 4569 4216 9547 6818 2836 6249 6192 7071 6769 110 7618 7405 847 5136 8023 524 6675 5303 5966 165 4827 9967 5762 8774 6368 5362 4732 8614 7256 9900 3624 8590 2056 2803 3833 7821 3184 9454 1320 4327 5407 5654 1521 8287 5349 1161 1865 655 3151 7563 138 3631 8124 9955 9789 745 6345 7464 2137 9475 9842 3063 9420 9520 1702 6915 6678 2495 4783 6799 2609 5374 9119 5158 9474 8983 7474 2589 2517 8488 3487 4116 9936 4354 153 7665 4516 4800
6256 9747 5253 5130 6339 8745 5482 5524 350 7040 3543 901 1437 6595 198 3783 1870 3601 1888 1697 4344 9711 4349 163 268 9396 2739 471 118 4035 2833 2472 2120 2331 1094 5560 8649 5681 4842 3043 4050 3590 2184 636 5884 6106 6128 5230 5294 5644 638 8854 6073 2130 6557 8000 2753 6703 2181 2588 1386 7129 2253 7732 1497 512 6230 7950 6313 3067 6306 8633 7945 4754 1059 7628 3091 760 7689 923 1709 6032 241 6250 7128 4970 4268 8179 1784 8494 67 2186 880 7758 9477 3544 5566 2131 4652 1842
3509 2876 6044 7481 8838 2837 2749 6722 8950 4653 9712 749 7704 5280 4766 1113 6060 2557 7653 5779 4410 5058 2706 9081 2351 5084 6473 6066 5156 2192 8425 1478 4931 2810 4279 4631 8555 1054 364 1141 3154 6135 2888 5983 9508 6686 4463 7426 8329 294 8267 8327 451 7757 238 715 4506 9283 6940 5321 3398 2065 7013 3205 5989 6098 6336 2870 6205 1130 9881 4925 9506 685 5582 5712 9346 2373 8273 1643 5984 6401 2841 6704 5685 6620 6775 9835 1581 2230 5725 2601 6358 3512 6503 407 6171 4237 792 7755
2599 9609 1230 8036 5721 4215 925 1519 2678 6870 2887 3237 3573 4646 3633 237 5853 5073 3836 3952 729 1394 3131 3316 8349 6756 9731 2006 5892 6434 4453 3471 604 1755 3244 6147 9975 2221 1453 174 914 3819 7482 8162 1518 5972 803 3884 3436 1318 890 725 7542 7433 883 4968 9128 3753 3958 8123 747 3676 2352 1637 4132 8720 4015 4048 1183 5309 6226 8414 9146 4479 7403 5102 8828 8337 1290 6753 5334 7447 4380 4794 2508 1736 7740 3490 1506 139 6215 9914 9728 706 9411 5052 6783 8188 9342 2854
5629 4547 9633 465 602 1706 7823 480 8510 6102 4813 9383 4037 6837 1816 6148 5373 1266 1397 8651 1115 5248 8598 3068 2754 1194 8161 3416 4630 9762 7139 273 4191 680 5655 7534 4664 16 5133 3612 1227 7294 1968 8525 4255 4698 3340 8019 7350 8231 3226 2285 6265 369 9412 8712 4019 9736 8960 9108 2463 7938 501 3914 6954 7531 4446 7154 2624 6618 8981 6344 1353 529 1779 8362 4430 2759 5215 4234 548 994 4832 6125 5456 7735 2482 1096 3115 2765 5324 5638 3377 1957 9868 3595 4094 2105 7269 3292
9141 9890 8423 2054 4657 3741 4285 9505 5944 7162 5804 9743 4704 9227 8697 4583 3279 8968 2742 1269 4477 7158 4425 4533 9759 8592 1307 7729 7910 2185 4807 435 14 1640 572 5559 5075 2062 7595 5327 3837 4450 7035 116 8716 8065 1639 1936 4464 1964 2853 4546 1730 5302 4791 2632 7461 4682 1797 9956 5543 6057 3656 4893 251 9152 6866 5664 5278 7898 4346 7588 8913 8119 8080 8462 3829 2320 4861 2061 3366 1981 941 6158 7079 1559 7711 5926 2325 2199 5592 3215 188 8949 5346 3303 9599 2257 1710 1360
927 9582 8241 9598 7514 7996 1370 144 5561 3230 5467 312 3980 4941 6312 5527 305 1557 8147 6165 92 9285 7068 9417 6154 1613 1225 9775 7999 5503 4866 2142 4082 3530 8276 1933 2141 6587 9103 357 1850 6493 2676 9884 2100 9339 6326 1501 4439 8599 5005 6352 7167 8026 4332 3796 5806 1903 44 4140 1530 2831 4920 4750 9373 6825 7183 9143 5975 6497 192 1027 4243 466 9566 4414 5822 3349 3519 2378 5208 5340 2925 3475 4257 5514 3146 9946 9551 9306 5928 2777 8704 2682 8003 5481 6496 4564 9668 1669
6505 5768 9737 9502 1514 3745 3070 966 4562 8707 1157 1185 119 3534 4192 5410 6341 2920 4667 9989 6212 3191 6441 5397 3690 6479 9457 5671 9878 9834 8122 446 4226 7012 1550 3165 7831 857 8291 6156 1805 7622 4691 9688 780 1565 4193 9345 2666 27 6269 3610 1564 3860 9245 3995 8810 2241 3103 2502 4129 7429 6089 142 7095 1325 9154 5526 398 9803 1210 6347 233 1190 2526 168 5029 2144 6844 1275 1769 885 2881 3189 1690 7979 431 6425 8978 3812 220 3161 1742 4447 5747 8429 1513 7721 1254 657
9905 7818 8255 1901 5093 5840 5547 7546 1071 3902 9281 8370 4779 8591 2134 3158 7331 9439 7656 4172 8817 6150 8221 5921 7508 105 779 9262 2031 8543 4492 5412 3552 6034 888 173 1045 4840 5628 6518 6880 7632 368 3747 3561 3142 2798 8986 2307 6476 4957 7354 6699 4961 3703 2961 1996 7847 4852 767 4014 4329 4011 3087 5497 6555 9532 7860 665 1444 5869 9526 8902 2174 9447 9825 7252 7824 4886 2496 5795 4201 2708 5100 1619 574 3099 889 9177 1176 980 2960 9167 8343 4428 3853 9660 4033 6374 8486
1887 332 9305 4030 2487 4353 5571 1090 2488 8766 1005 7132 8120 6600 6201 4544 9925 3585 2751 3841 1649 4593 1317 5389 49 4831 863 6162 9717 7748 5490 7014 2264 5794 9465 9872 9724 8404 1937 8601 7234 8654 4740 3069 5489 4634 1652 3348 6183 7696 4340 1192 5749 7216 7267 4719 187 6657 1114 9070 7318 1482 1589 7717 2292 4809 937 7737 6494 9004 7499 7083 9941 1651 8426 391 4009 7913 5105 3924 5423 4365 4768 985 1404 8679 3411 3943 7289 5887 4299 7960 2011 8975 9268 2176 6199 4304 5242 7243
4707 5020 8325 2519 5917 5640 5733 2392 6267 3241 1573 4196 9557 6701 3548 9357 8410 8966 3124 8718 2382 6713 7108 9455 5314 2532 9719 8203 5343 9213 8906 6554 1297 8196 4154 2680 9592 3939 3664 4793 4355 3017 5185 8117 9307 8354 5469 6421 34 454 6157 5758 7456 2316 6894 3540 7921 2069 7627 5192 4836 9573 7081 8688 9718 7510 9406 7432 5752 1831 6578 2580 9471 5447 8765 3399 5473 6376 3808 4599 8068 6437 1727 9133 3598 4651 4248 9608 3950 8567 6519 3700 489 7454 9489 6432 6388 2573 1673 1345
6822 6359 9638 5601 8570 5486 2685 9200 4998 5299 5980 6770 3897 788 5824 5700 6552 6392 2209 8444 7672 4086 9591 4360 2593 4892 6928 1679 3134 5352 1207 7074 7640 8536 7671 7359 8413 4323 3211 8076 8428 1369 9006 3453 1347 5301 5823 3259 1069 6182 5935 8105 7781 4680 2534 4 5495 9840 7716 5071 852 7002 8017 1698 8648 7592 1296 6860 4427 1152 25 1229 7776 2801 4619 848 7900 7719 9827 9257 1712 8457 2217 190 2668 9236 2441 7940 279 5516 3642 6145 8776 4252 217 3712 1285 6617 2204 1929
8295 6087 7442 8901 4392 539 9392 5369 5720 6314 653 2775 4472 7334 1441 2647 9479 3429 1052 793 6971 7879 739 8310 1696 395 6562 9054 964 4057 7812 7370 9684 9888 5392 4935 55 4722 2147 1282 175 8095 6792 7118 1126 2578 2222 9191 9461 1787 1535 3423 4545 2826 9160 7730 531 2236 2970 8725 8431 5856 9613 4943 2102 3140 2359 2817 1629 8623 5563 8965 243 1053 4368 8381 2715 3225 8334 8301 5379 6805 8228 9545 1311 7968 3395 4858 3447 1143 3148 1168 1099 9199 3933 1536 5493 8839 9341 9319
5922 1746 7936 9514 9202 1568 5660 1965 7486 6077 2886 5366 3734 6163 365 6689 7578 8631 5757 9800 418 4795 1728 7449 2994 3560 4412 5006 3517 2974 2615 3663 7491 8485 6498 644 3668 4654 4907 6462 5902 953 8114 6143 8653 3372 8628 6216 8958 7650 6811 8011 9132 7930 8336 9550 6018 6744 9407 8303 5011 7680 5266 6042 3672 6886 9359 5291 8286 6591 5168 7145 6547 1080 5979 3728 3290 6515 8225 3144 7954 3203 6059 6240 8369 1492 5991 3736 6177 9344 8093 3047 8 6670 7762 7686 1324 4550 1941 7920
9978 6854 212 3012 6766 3908 7830 7608 6682 6291 7601 3886 5971 5492 6714 3199 8644 3227 2649 9142 2070 2202 7834 8487 124 8511 5535 4159 4254 2490 1434 8802 8568 5520 3193 8708 8473 8100 892 5138 4810 4636 3336 321 2611 6129 2669 1331 3314 5574 6718 2461 1599 9083 5941 4067 2460 5134 9049 66 4419 1817 7360 6996 1978 2869 9940 5416 4923 8675 596 8268 4403 270 4473 8269 5746 4635 7816 8655 4549 2663 9109 3755 695 3370 9802 541 1323 9771 8607 3816 746 516 7530 7564 23 2830 196 1987
4445 5711 4833 8556 4459 458 439 3804 6995 6590 404 5658 7870 7142 6179 7837 9015 8326 1499 8522 6730 2068 9452 3152 9963 4663 951 6444 5611 8969 6529 6871 7934 5552 4069 1670 4610 1458 6458 9950 2505 9179 1486 1844 4911 6406 6979 8586 8048 8166 5948 4737 9107 3401 5256 4758 1178 301 6012 8662 8639 8908 31 4431 8669 6099 4072 6687 5585 4373 2868 1523 5147 1459 5499 8663 1882 3463 9032 3418 1595 7406 3823 4723 2439 1271 2274 4126 382 2198 3979 7674 96 1288 7105 998 2583 9690 8378 6539
8446 6582 6707 1406 1421 6671 8696 6035 1590 1191 9798 2063 4527 8781 1585 4270 7277 6654 2629 7346 2205 4605 1020 7232 7273 9603 1980 3525 1795 3271 296 7511 9075 5801 2092 246 8418 8125 3291 8830 7078 4199 6596 9073 1305 3769 42 7858 6760 1063 2857 8824 3459 7878 6093 5429 8792 3803 3380 4991 3671 8951 870 1889 4028 8595 7011 973 4615 9186 9937 2838 9624 3281 291 2074 8748 3004 1604 6904 5252 9786 327 2621 8608 7875 9584 7905 2094 9733 7956 7835 9386 6333 419 8084 4538 4753 6396 7424
6288 7790 755 5250 1685 9903 9792 1841 732 1082 7214 7463 547 959 9567 4792 713 426 473 152 6907 7759 8809 3834 9115 3337 6270 4114 6228 3384 5229 6178 8852 9390 935 2879 5688 9959 2774 4468 2946 4307 4123 7742 3930 6116 1735 8575 3009 3611 1881 7282 1678 882 3272 7815 3301 796 9215 17 1992 6535 771 2591 9248 7178 1764 7919 7756 6991 5978 5899 46 346 3255 7624 1715 6677 1582 4787 6124 8397 8085 7021 6356 3430 3364 6772 827 9507 4339 8587 496 7060 6611 6471 9193 6245 1327 13
4996 600 5188 7881 3092 6732 5821 3414 9336 1418 6929 3709 8541 9521 7685 2334 2139 3180 2586 5415 6563 8089 6788 4174 5706 5378 7102 4655 8764 3028 606 3040 4613 4045 7651 76 164 5505 3015 9408 8394 3974 2428 3503 4061 5270 3861 4394 9892 204 7199 7168 6972 7185 7593 8719 7467 2026 9348 5069 969 8375 3678 643 8044 9188 1788 3221 8670 7203 5262 6151 7892 9464 5828 6070 9016 282 4644 3382 8701 1812 2044 4983 5347 1430 7852 8491 5974 1002 8818 3947 5335 774 2379 7155 3956 3975 8437 3582
8116 6211 7861 9843 4574 535 8088 3546 704 8736 5576 4555 8169 4016 1552 6467 8182 1283 2793 597 8193 4333 474 6848 2606 2091 6898 4519 5050 4563 1687 1475 6136 7080 3481 3760 9791 8503 1963 2225 5470 11 1241 7768 6175 5586 7198 9889 8625 6111 2872 287 8695 7093 6733 3022 1863 6423 2297 8201 7362 6024 3277 3904 5692 1899 5657 3474 6266 2082 7947 2728 5458 6101 7537 6764 1553 7743 6194 4008 5167 1465 6207 2738 414 6883 5619 6028 1975 5906 372 5864 1925 4762 9986 8186 3477 5189 6367 1707
4051 8372 4777 4839 122 4524 2539 456 4063 1247 5401 3782 9957 2943 8199 8873 2425 3852 8248 3359 8514 9628 3066 2770 7789 5996 4292 6978 2516 8209 4660 5440 3589 2246 1491 4064 4003 1782 4087 8330 8698 6091 7003 8057 4389 9748 9640 3693 9093 427 2258 730 3983 5710 1132 9766 2407 4202 2324 1401 5465 3942 8933 1477 8833 7654 5973 8352 2283 5525 4118 7023 2705 5697 7963 7330 682 3953 7660 9414 3872 6062 5518 3267 4384 9224 3197 2795 8245 6566 8840 9333 3085 6040 2259 8445 6749 5767 824 8289
6935 4875 4681 7024 9311 6492 2894 5911 8821 1660 4022 8848 4331 5825 7554 8399 7339 4713 8561 8962 6324 709 8098 159 2411 4089 3117 3120 3304 2688 5942 8871 4418 1554 6908 992 6616 1116 8888 5177 2991 830 5661 6814 6669 7378 9353 5287 1543 1060 8323 6610 4213 3726 1343 5484 4625 9796 7004 2059 5107 9735 9836 631 7193 8294 7262 6394 6647 3854 1242 9676 1212 2194 2909 1228 9033 6939 1674 3110 4799 361 7794 1818 7708 1411 2959 7558 1724 6067 2860 9217 4269 6938 6071 3223 6767 7430 7856 1091
1179 6710 5653 564 9994 3128 380 4910 5961 7994 5399 1016 5997 6550 1319 478 7803 7927 5155 8801 7058 4308 9821 4390 1127 50 737 3572 5760 4290 7224 8007 9947 2073 8923 3962 2109 1140 8894 1148 4948 1452 902 7016 5704 6514 3856 1714 9512 7969 4623 9261 2290 7284 2942 7321 4870 4095 6830 4845 7217 3811 6242 6047 1286 1025 6574 9481 538 4581 3023 176 8090 6436 6197 9110 4862 6294 7621 1363 6429 8971 7344 2075 4092 7579 3864 2814 6300 3707 6512 9595 7290 5165 5859 2639 9286 1587 2067 9476
1309 4231 8506 8028 7301 8890 3358 4052 4312 7292 8030 9755 1412 157 1671 7317 4218 2335 4640 194 950 9296 7298 6126 3821 2936 8596 9385 6964 9401 2048 6118 3443 6403 615 7098 7587 6592 6472 4641 9007 6289 4198 2794 7688 599 6849 4896 266 3737 8798 5837 9797 9113 6959 3061 7562 7304 6188 1503 7053 8312 1451 6950 7164 5748 8383 9413 9028 8939 9185 6800 5091 9876 5217 3733 3898 8504 1790 7863 990 316 356 2354 490 9503 4900 4053 6304 503 5738 710 8957 5952 6917 5895 9634 2083 4311 9862
4189 2161 1244 8243 4897 4526 5008 2926 3354 696 1461 9437 9080 2546 1867 9158 3143 1008 8806 6936 3851 4112 6874 8559 8083 4046 7171 1445 6282 5070 8823 3735 7460 1405 2377 172 681 5094 2124 3468 2969 9705 9371 6927 1847 5159 1914 2162 9844 6666 5313 3170 349 4881 6113 6850 5095 8681 6832 3998 1337 3245 1534 1722 78 628 4873 6516 6005 5925 3005 9928 3133 8509 4440 2908 1959 4757 1133 2510 8552 915 9776 9064 6965 4499 9433 2179 4971 5110 5222 41 1695 3156 8066 9363 8189 2829 5890 4609
3916 1877 1310 4225 4272 7017 1516 6840 9218 2511 1721 4877 8127 2050 9366 620 5570 5137 546 9416 4785 1772 5649 7682 3216 7626 9478 6981 5668 6293 6806 4717 3562 167 3355 6446 8822 148 5237 4716 7075 5111 6439 2551 5964 6052 5356 9126 1738 7089 3767 8929 228 3885 2157 7084 1575 2901 2237 9144 3185 8583 5353 3584 3452 5632 661 9864 1162 7064 3990 9894 5078 5003 4182 7638 88 3795 5104 5851 8403 9238 530 6702 2145 6530 2766 2645 4001 6152 4770 869 8016 3699 8217 2792 8617 39 6632 1517
806 7322 720 1603 8316 52 8875 7396 7982 7713 9682 4908 2159 6362 1524 2567 4601 6998 1911 7280 1979 8611 3989 2333 2861 2572 4156 2273 3513 947 2 4503 1278 8233 9221 8477 9863 1377 5344 4817 8778 7535 9321 8082 4411 5606 5546 4796 6763 2544 2592 4054 146 9893 2363 4047 8434 9492 9873 3706 4725 1124 2845 3549 2266 1231 8259 6757 6892 5949 9714 9580 8816 213 1237 5836 1826 185 1261 506 6735 4437 5553 4475 9229 1075 6698 6970 4999 3594 2387 8789 5336 6296 1072 5400 1149 4484 4260 8481
8970 6134 189 4863 285 8919 798 4973 2834 2529 7032 64 7196 1578 8581 9723 5893 497 9046 1985 4043 784 8368 9378 7287 1431 5580 487 4093 8230 728 9965 603 4388 482 8338 2397 6625 6923 845 2761 6369 875 2707 7271 421 452 4591 8803 7893 1077 3559 7617 4493 7220 5812 9812 3396 7556 9320 8562 7942 6544 7571 9480 3232 3639 2672 2318 1371 6945 9272 100 4098 8052 199 424 4531 9246 5695 4101 9721 2440 9148 971 5729 9992 7871 2554 5498 8493 5744 3638 6400 4471 4496 7683 193 3900 3072
8356 731 1330 9240 1938 1791 3343 4854 3029 2193 1801 4385 967 9732 3112 1686 6511 6463 9794 2090 5449 5333 4108 2489 5427 7151 5932 7664 791 4969 8465 8158 3602 1971 1119 6451 4120 6867 3435 8365 1276 2345 3545 1655 5239 4730 3890 2735 6485 2132 2585 5583 7090 6589 4367 5305 3925 2203 2689 8553 7498 2600 8219 7566 3484 976 9304 9042 1868 556 5298 7062 5982 4985 8490 7770 2521 2381 393 3565 2016 8900 7101 5987 9820 3025 4232 6810 3432 7036 2619 8585 4859 4759 6412 1909 3345 7783 7281 5060
2571 4986 6393 5086 957 2835 6531 1537 6198 3285 9040 9104 8723 1905 6723 9906 5081 1502 1983 7152 8013 6815 9302 9944 9189 317 6748 3788 1189 8893 9419 5376 4131 9935 6746 6741 4074 6789 9372 3586 3648 6676 1144 351 4690 4639 9656 3507 2346 7724 7314 8772 1050 5938 2470 3600 4167 4669 2095 9367 946 313 18 9920 3607 989 781 6166 6774 6303 5577 5965 7560 1915 6009 1233 1398 510 1558 1170 7161 2449 73 2311 4465 7496 3918 3827 3708 7170 9808 417 9757 3978 4692 132 4190 4899 691 1634
9153 7237 6220 3646 2919 4808 8927 7833 3160 3356 5631 9195 4438 7647 6694 149 1359 9365 53 6609 6636 4102 5421 9161 7590 8141 9654 2503 954 4904 6004 1645 9675 5021 3321 5870 3790 6210 1525 7201 1019 5875 5584 8547 5268 7212 5345 2448 2033 9781 7110 9173 9063 6816 6202 3807 4194 1892 5201 4124 5798 8391 4489 7086 5363 5886 2694 1546 4880 5992 7186 1835 4627 2855 3412 3831 4638 5402 8251 5946 8683 4147 1719 5766 48 2612 5633 910 121 8573 2076 8682 2698 7952 245 3705 7786 5496 9990 1663
2574 5462 5931 6573 4962 7388 748 4084 9088 3415 1496 4504 256 6796 7948 5039 8321 3327 7780 5698 9678 8780 6420 666 4165 3192 9615 433 4100 1571 2986 4302 3376 6507 9784 8058 7523 3125 5534 4006 6795 6855 8994 1078 2686 1376 8170 4400 5024 567 5479 4386 5538 4117 7505 7517 5834 4236 815 3719 7699 8298 292 6036 8717 3645 3967 4675 5874 6889 1136 4964 868 9681 3704 8973 5061 7056 1753 9264 8737 1609 8448 2789 836 9655 4514 2849 7259 6302 1160 9716 7614 8932 3209 858 3698 1540 1789 4819
8752 6813 5684 1155 7048 1612 7175 1084 2165 3931 765 1395 3045 3938 2929 9270 224 4405 4835 2618 7843 2856 6980 4767 9024 6948 3949 3657 2711 9294 6520 3629 5228 136 6839 554 7046 1032 3558 4844 5800 7323 8630 4665 4090 252 2695 874 440 381 1015 9904 5818 5981 3858 274 658 8767 4458 3679 2699 2255 5854 6466 2327 2797 3461 1625 872 111 3242 7010 2288 7338 3871 4856 7182 4784 5724 6545 6967 9993 3680 6553 662 8911 4454 6415 1138 4987 117 4395 1741 2671 828 33 2785 6298 7771 6200
3007 1153 1299 2513 7967 9931 4606 5408 9089 5642 8091 7049 609 2012 1902 1834 2111 6882 2524 4348 4696 4336 4127 6280 8795 9593 9981 8837 6078 1705 5031 8641 3744 1885 751 5888 3910 8706 7922 2450 2412 4062 3163 3138 250 8355 3869 5985 1806 6755 1729 5807 9911 3986 9159 260 54 3323 379 3150 4441 626 8027 1403 4176 5231 8104 9309 6130 7722 4847 3408 5754 8646 4712 6804 2877 8705 2344 3407 9253 4021 6191 9565 1688 7957 8319 8050 9913 7311 6258 9048 5451 6342 2215 6672 3335 5098 886 8056
5216 7356 5337 3919 5541 2405 2245 2737 2717 9166 7241 6546 7670 521 6214 5967 5223 4483 24 7572 920 4778 3814 2987 5602 5663 8677 1856 511 5404 5193 6068 6779 1341 6447 838 5485 7326 4933 5608 416 3557 6337 2187 8692 4576 3097 6424 5650 5255 8240 8436 8864 6634 2195 9750 4018 5386 8495 8603 8361 1661 9519 9041 9362 6627 6720 5212 5297 7615 6338 4433 7577 7307 7584 1256 9216 5445 7612 9811 4106 6705 7138 6477 6890 106 8642 386 8059 587 3501 281 6108 3580 9170 9494 2721 1577 2303 5025
