1 1 1 2 2 2 3 3 3 4 4 4 5 5 5 6 6 6 7 7 7 8 8 8 9 9 9 10 10 10
283 59 47 290 299 289 227 242 76 98 257 218 18 276 193 172 61 134 129 71 280 199 80 294 274 60 250 196 66 144
249 195 215 65 181 5 74 126 13 10 221 63 177 217 2 46 127 205 42 43 94 26 223 89 277 143 109 258 68 57
178 154 239 4 271 245 97 155 147 282 99 24 295 149 103 39 82 34 247 222 160 176 44 117 246 37 52 95 261 79
56 161 84 209 23 123 130 179 275 210 14 166 125 232 260 49 293 237 256 163 175 183 90 21 96 252 70 220 255 104
278 300 64 187 156 169 58 105 241 180 164 297 121 266 244 235 145 234 92 8 101 120 204 286 185 85 272 225 165 17
190 284 157 270 36 114 1 51 202 78 25 32 72 111 140 229 138 152 253 264 226 238 91 48 118 50 41 115 216 30
174 113 231 219 141 139 279 262 16 88 206 19 150 6 281 288 259 213 251 27 142 38 265 167 75 73 15 28 81 191
29 296 132 230 224 268 203 77 212 243 171 148 67 102 83 87 287 20 108 54 192 267 122 189 35 7 184 55 285 3
208 254 69 211 119 173 106 53 146 40 292 248 45 170 100 188 135 151 124 107 197 31 291 93 110 159 86 240 131 207
33 9 128 112 153 168 11 194 116 182 162 263 186 136 137 201 273 214 22 228 298 158 200 62 236 12 198 233 269 133
