1 1 1 2 2 2 3 3 3 4 4 4 5 5 5 6 6 6 7 7 7 8 8 8 9 9 9 10 10 10
283 59 47 290 299 289 227 242 76 98 257 218 18 276 193 172 61 134 129 71 280 199 80 294 274 60 250 196 66 144
283 59 47 290 299 289 227 242 76 98 257 218 18 276 193 172 61 134 129 71 280 199 80 294 274 60 250 196 66 144
283 59 47 290 299 289 227 242 76 98 257 218 18 276 193 172 61 134 129 71 280 199 80 294 274 60 250 196 66 144
283 59 47 290 299 289 227 242 76 98 257 218 18 276 193 172 61 134 129 71 280 199 80 294 274 60 250 196 66 144
283 59 47 290 299 289 227 242 76 98 257 218 18 276 193 172 61 134 129 71 280 199 80 294 274 60 250 196 66 144
283 59 47 290 299 289 227 242 76 98 257 218 18 276 193 172 61 134 129 71 280 199 80 294 274 60 250 196 66 144
283 59 47 290 299 289 227 242 76 98 257 218 18 276 193 172 61 134 129 71 280 199 80 294 274 60 250 196 66 144
283 59 47 290 299 289 227 242 76 98 257 218 18 276 193 172 61 134 129 71 280 199 80 294 274 60 250 196 66 144
283 59 47 290 299 289 227 242 76 98 257 218 18 276 193 172 61 134 129 71 280 199 80 294 274 60 250 196 66 144
283 59 47 290 299 289 227 242 76 98 257 218 18 276 193 172 61 134 129 71 280 199 80 294 274 60 250 196 66 144
